1.000000000000 0.000000062571
2.000000000000 0.000000305255
3.000000000000 0.000000837334
4.000000000000 0.000001760606
5.000000000000 0.000003169532
6.000000000000 0.000005151422
7.000000000000 0.000007787003
8.000000000000 0.000011150781
9.000000000000 0.000015310003
10.000000000000 0.000020323968
11.000000000000 0.000026248572
12.000000000000 0.000033143849
13.000000000000 0.000040982971
14.000000000000 0.000049852789
15.000000000000 0.000059854224
16.000000000000 0.000070959140
17.000000000000 0.000083196161
18.000000000000 0.000096594581
19.000000000000 0.000111170548
20.000000000000 0.000126934094
21.000000000000 0.000143905513
22.000000000000 0.000162087837
23.000000000000 0.000181484689
24.000000000000 0.000202103474
25.000000000000 0.000223942801
26.000000000000 0.000247001276
27.000000000000 0.000271274200
28.000000000000 0.000296750515
29.000000000000 0.000323411003
30.000000000000 0.000351257961
31.000000000000 0.000380288345
32.000000000000 0.000410451601
33.000000000000 0.000441768021
34.000000000000 0.000474182905
35.000000000000 0.000507718128
36.000000000000 0.000542305336
37.000000000000 0.000577952206
38.000000000000 0.000614640518
39.000000000000 0.000652307610
40.000000000000 0.000690952297
41.000000000000 0.000730557260
42.000000000000 0.000771089685
43.000000000000 0.000812493033
44.000000000000 0.000854756742
45.000000000000 0.000897847325
46.000000000000 0.000941746906
47.000000000000 0.000986418371
48.000000000000 0.001031832871
49.000000000000 0.001077956311
50.000000000000 0.001124752446
51.000000000000 0.001172197690
52.000000000000 0.001220258734
53.000000000000 0.001268901708
54.000000000000 0.001318100647
55.000000000000 0.001367830747
56.000000000000 0.001418054814
57.000000000000 0.001468742042
58.000000000000 0.001519845501
59.000000000000 0.001571332947
60.000000000000 0.001623202050
61.000000000000 0.001675437907
62.000000000000 0.001728015662
63.000000000000 0.001780878419
64.000000000000 0.001833964501
65.000000000000 0.001887291777
66.000000000000 0.001940876232
67.000000000000 0.001994688680
68.000000000000 0.002048603133
69.000000000000 0.002102665580
70.000000000000 0.002156909380
71.000000000000 0.002211253867
72.000000000000 0.002265625124
73.000000000000 0.002320126425
74.000000000000 0.002374718758
75.000000000000 0.002429254908
76.000000000000 0.002483868105
77.000000000000 0.002538527795
78.000000000000 0.002593090984
79.000000000000 0.002647708774
80.000000000000 0.002702291970
81.000000000000 0.002756800055
82.000000000000 0.002811337937
83.000000000000 0.002865728944
84.000000000000 0.002920112117
85.000000000000 0.002974440475
86.000000000000 0.003028660625
87.000000000000 0.003082857340
88.000000000000 0.003136908967
89.000000000000 0.003190940632
90.000000000000 0.003244848558
91.000000000000 0.003298705174
92.000000000000 0.003352457649
93.000000000000 0.003406134808
94.000000000000 0.003459729855
95.000000000000 0.003513251073
96.000000000000 0.003566682922
97.000000000000 0.003620068926
98.000000000000 0.003673364017
99.000000000000 0.003726634605
100.000000000000 0.003779802703
101.000000000000 0.003832983002
102.000000000000 0.003886058662
103.000000000000 0.003939159757
104.000000000000 0.003992136783
105.000000000000 0.004045183185
106.000000000000 0.004098113421
107.000000000000 0.004151099387
108.000000000000 0.004204005419
109.000000000000 0.004256936210
110.000000000000 0.004309839953
111.000000000000 0.004362700131
112.000000000000 0.004415613016
113.000000000000 0.004468421316
114.000000000000 0.004521424337
115.000000000000 0.004574261121
116.000000000000 0.004627354865
117.000000000000 0.004680337313
118.000000000000 0.004733466216
119.000000000000 0.004786736815
120.000000000000 0.004839939158
121.000000000000 0.004893562730
122.000000000000 0.004947044247
123.000000000000 0.005000896262
124.000000000000 0.005054858856
125.000000000000 0.005108838233
126.000000000000 0.005163332907
127.000000000000 0.005217685728
128.000000000000 0.005272492746
129.000000000000 0.005327503580
130.000000000000 0.005382490080
131.000000000000 0.005438088658
132.000000000000 0.005493612452
133.000000000000 0.005549406603
134.000000000000 0.005605697718
135.000000000000 0.005661837937
136.000000000000 0.005718569031
137.000000000000 0.005775476414
138.000000000000 0.005832354561
139.000000000000 0.005889862370
140.000000000000 0.005947379584
141.000000000000 0.006004990761
142.000000000000 0.006063218177
143.000000000000 0.006121360518
144.000000000000 0.006179705588
145.000000000000 0.006238625194
146.000000000000 0.006297415166
147.000000000000 0.006356468749
148.000000000000 0.006416013423
149.000000000000 0.006475431853
150.000000000000 0.006535146858
151.000000000000 0.006595323281
152.000000000000 0.006655375927
153.000000000000 0.006715701568
154.000000000000 0.006776517182
155.000000000000 0.006837210838
156.000000000000 0.006898056751
157.000000000000 0.006959413995
158.000000000000 0.007020668510
159.000000000000 0.007081980152
160.000000000000 0.007143795589
161.000000000000 0.007205575292
162.000000000000 0.007267306101
163.000000000000 0.007329377433
164.000000000000 0.007391497480
165.000000000000 0.007453498234
166.000000000000 0.007515674233
167.000000000000 0.007577994955
168.000000000000 0.007640184084
169.000000000000 0.007702342493
170.000000000000 0.007764689552
171.000000000000 0.007826920194
172.000000000000 0.007889022913
173.000000000000 0.007951145980
174.000000000000 0.008013217738
175.000000000000 0.008075130798
176.000000000000 0.008136919119
177.000000000000 0.008198702408
178.000000000000 0.008260317849
179.000000000000 0.008321752803
180.000000000000 0.008383043473
181.000000000000 0.008444199125
182.000000000000 0.008505161519
183.000000000000 0.008565903322
184.000000000000 0.008626466273
185.000000000000 0.008686832152
186.000000000000 0.008746974445
187.000000000000 0.008806842340
188.000000000000 0.008866462455
189.000000000000 0.008925848307
190.000000000000 0.008984974667
191.000000000000 0.009043749935
192.000000000000 0.009102250911
193.000000000000 0.009160490985
194.000000000000 0.009218409162
195.000000000000 0.009275925485
196.000000000000 0.009333126406
197.000000000000 0.009390038503
198.000000000000 0.009446553638
199.000000000000 0.009502552444
200.000000000000 0.009558188216
201.000000000000 0.009613504158
202.000000000000 0.009668348646
203.000000000000 0.009722544308
204.000000000000 0.009776327430
205.000000000000 0.009829756467
206.000000000000 0.009882714496
207.000000000000 0.009934906589
208.000000000000 0.009986586372
209.000000000000 0.010037875534
210.000000000000 0.010088718991
211.000000000000 0.010138754983
212.000000000000 0.010188114226
213.000000000000 0.010237044842
214.000000000000 0.010285521576
215.000000000000 0.010333299341
216.000000000000 0.010380192591
217.000000000000 0.010426588534
218.000000000000 0.010472508862
219.000000000000 0.010517854753
220.000000000000 0.010562373335
221.000000000000 0.010606255385
222.000000000000 0.010649628220
223.000000000000 0.010692496123
224.000000000000 0.010734682007
225.000000000000 0.010776077143
226.000000000000 0.010816928299
227.000000000000 0.010857242578
228.000000000000 0.010897082386
229.000000000000 0.010936273250
230.000000000000 0.010974808080
231.000000000000 0.011012767255
232.000000000000 0.011050204997
233.000000000000 0.011087323826
234.000000000000 0.011123810397
235.000000000000 0.011159692738
236.000000000000 0.011194972115
237.000000000000 0.011229857592
238.000000000000 0.011264582755
239.000000000000 0.011298763017
240.000000000000 0.011332327128
241.000000000000 0.011365301095
242.000000000000 0.011398054599
243.000000000000 0.011430811785
244.000000000000 0.011463107536
245.000000000000 0.011494775994
246.000000000000 0.011525880829
247.000000000000 0.011556933545
248.000000000000 0.011588210408
249.000000000000 0.011619076556
250.000000000000 0.011649312602
251.000000000000 0.011678998711
252.000000000000 0.011708777981
253.000000000000 0.011739028389
254.000000000000 0.011768978195
255.000000000000 0.011798303604
256.000000000000 0.011827075555
257.000000000000 0.011855981131
258.000000000000 0.011885633491
259.000000000000 0.011915238912
260.000000000000 0.011944234340
261.000000000000 0.011972640063
262.000000000000 0.012001032410
263.000000000000 0.012030337063
264.000000000000 0.012060065704
265.000000000000 0.012089206111
266.000000000000 0.012117752063
267.000000000000 0.012145978577
268.000000000000 0.012175284280
269.000000000000 0.012205476362
270.000000000000 0.012235283100
271.000000000000 0.012264523118
272.000000000000 0.012293349472
273.000000000000 0.012322709336
274.000000000000 0.012353339641
275.000000000000 0.012384259462
276.000000000000 0.012414645349
277.000000000000 0.012444492618
278.000000000000 0.012474135062
279.000000000000 0.012505264283
280.000000000000 0.012537553720
281.000000000000 0.012569517715
282.000000000000 0.012600980620
283.000000000000 0.012632063496
284.000000000000 0.012663535879
285.000000000000 0.012696384325
286.000000000000 0.012730134796
287.000000000000 0.012763422713
288.000000000000 0.012796244030
289.000000000000 0.012828809618
290.000000000000 0.012862303241
291.000000000000 0.012897375472
292.000000000000 0.012932935075
293.000000000000 0.012968071092
294.000000000000 0.013002779802
295.000000000000 0.013037338231
296.000000000000 0.013073011646
297.000000000000 0.013110194273
298.000000000000 0.013147668791
299.000000000000 0.013184757556
300.000000000000 0.013221457147
301.000000000000 0.013258019392
302.000000000000 0.013295792366
303.000000000000 0.013335122621
304.000000000000 0.013374792876
305.000000000000 0.013414116483
306.000000000000 0.013453090314
307.000000000000 0.013491912650
308.000000000000 0.013531552864
309.000000000000 0.013572708250
310.000000000000 0.013614440951
311.000000000000 0.013655861983
312.000000000000 0.013696968478
313.000000000000 0.013737900476
314.000000000000 0.013779309250
315.000000000000 0.013821887411
316.000000000000 0.013865551378
317.000000000000 0.013908934908
318.000000000000 0.013952035359
319.000000000000 0.013994886130
320.000000000000 0.014037820664
321.000000000000 0.014081750125
322.000000000000 0.014126978397
323.000000000000 0.014172169505
324.000000000000 0.014217105284
325.000000000000 0.014261783295
326.000000000000 0.014306296684
327.000000000000 0.014351179517
328.000000000000 0.014396968366
329.000000000000 0.014443395809
330.000000000000 0.014489587236
331.000000000000 0.014535540361
332.000000000000 0.014581261677
333.000000000000 0.014626833875
334.000000000000 0.014672835143
335.000000000000 0.014719728802
336.000000000000 0.014766708150
337.000000000000 0.014813462142
338.000000000000 0.014859988611
339.000000000000 0.014906295667
340.000000000000 0.014952483537
341.000000000000 0.014998759195
342.000000000000 0.015045750893
343.000000000000 0.015092563534
344.000000000000 0.015139152530
345.000000000000 0.015185515788
346.000000000000 0.015231618100
347.000000000000 0.015277501207
348.000000000000 0.015323298821
349.000000000000 0.015369461869
350.000000000000 0.015415416451
351.000000000000 0.015461141281
352.000000000000 0.015506634302
353.000000000000 0.015551820097
354.000000000000 0.015596595447
355.000000000000 0.015641016624
356.000000000000 0.015685480151
357.000000000000 0.015729719442
358.000000000000 0.015773713902
359.000000000000 0.015817461470
360.000000000000 0.015860894498
361.000000000000 0.015903845634
362.000000000000 0.015946142430
363.000000000000 0.015988238227
364.000000000000 0.016030094358
365.000000000000 0.016071684436
366.000000000000 0.016113006370
367.000000000000 0.016154022889
368.000000000000 0.016194622737
369.000000000000 0.016234275952
370.000000000000 0.016273345204
371.000000000000 0.016312030017
372.000000000000 0.016350420618
373.000000000000 0.016388514863
374.000000000000 0.016426310611
375.000000000000 0.016463708031
376.000000000000 0.016500355982
377.000000000000 0.016536178140
378.000000000000 0.016571199403
379.000000000000 0.016605887638
380.000000000000 0.016640247952
381.000000000000 0.016674278137
382.000000000000 0.016707958588
383.000000000000 0.016741242729
384.000000000000 0.016773566389
385.000000000000 0.016805021843
386.000000000000 0.016835800553
387.000000000000 0.016866219726
388.000000000000 0.016896277091
389.000000000000 0.016925970377
390.000000000000 0.016955309892
391.000000000000 0.016984212946
392.000000000000 0.017012400473
393.000000000000 0.017039619149
394.000000000000 0.017066210379
395.000000000000 0.017092411299
396.000000000000 0.017118219592
397.000000000000 0.017143632940
398.000000000000 0.017168729764
399.000000000000 0.017193510889
400.000000000000 0.017217917337
401.000000000000 0.017241455687
402.000000000000 0.017264420042
403.000000000000 0.017286971165
404.000000000000 0.017309106720
405.000000000000 0.017330824375
406.000000000000 0.017352260422
407.000000000000 0.017373534198
408.000000000000 0.017394859933
409.000000000000 0.017415567910
410.000000000000 0.017435691579
411.000000000000 0.017455388441
412.000000000000 0.017474656181
413.000000000000 0.017493492485
414.000000000000 0.017512023721
415.000000000000 0.017530360364
416.000000000000 0.017549373652
417.000000000000 0.017568207958
418.000000000000 0.017586625364
419.000000000000 0.017604614276
420.000000000000 0.017622172440
421.000000000000 0.017639297598
422.000000000000 0.017656003802
423.000000000000 0.017672672968
424.000000000000 0.017689914644
425.000000000000 0.017707526707
426.000000000000 0.017725395865
427.000000000000 0.017742866269
428.000000000000 0.017759915662
429.000000000000 0.017776541885
430.000000000000 0.017792742779
431.000000000000 0.017808733567
432.000000000000 0.017824708506
433.000000000000 0.017842116760
434.000000000000 0.017859976755
435.000000000000 0.017878052800
436.000000000000 0.017895727448
437.000000000000 0.017912998667
438.000000000000 0.017929864424
439.000000000000 0.017946322688
440.000000000000 0.017962739701
441.000000000000 0.017979602723
442.000000000000 0.017997715553
443.000000000000 0.018016760668
444.000000000000 0.018036036720
445.000000000000 0.018054936838
446.000000000000 0.018073459136
447.000000000000 0.018091601730
448.000000000000 0.018109362734
449.000000000000 0.018127219580
450.000000000000 0.018145703724
451.000000000000 0.018165365711
452.000000000000 0.018186301619
453.000000000000 0.018207551927
454.000000000000 0.018228456959
455.000000000000 0.018249014988
456.000000000000 0.018269224286
457.000000000000 0.018289083126
458.000000000000 0.018308985106
459.000000000000 0.018329515377
460.000000000000 0.018351546372
461.000000000000 0.018374807223
462.000000000000 0.018398773046
463.000000000000 0.018422428722
464.000000000000 0.018445772686
465.000000000000 0.018468803375
466.000000000000 0.018491519225
467.000000000000 0.018514203373
468.000000000000 0.018536879838
469.000000000000 0.018561433439
470.000000000000 0.018586960350
471.000000000000 0.018613943172
472.000000000000 0.018640692471
473.000000000000 0.018667166085
474.000000000000 0.018693362610
475.000000000000 0.018719280640
476.000000000000 0.018744985523
477.000000000000 0.018770721801
478.000000000000 0.018797576363
479.000000000000 0.018825388565
480.000000000000 0.018854927644
481.000000000000 0.018884944169
482.000000000000 0.018914720318
483.000000000000 0.018944254836
484.000000000000 0.018973546465
485.000000000000 0.019002593951
486.000000000000 0.019031546701
487.000000000000 0.019060375513
488.000000000000 0.019090717337
489.000000000000 0.019121566985
490.000000000000 0.019154400609
491.000000000000 0.019187139990
492.000000000000 0.019219668401
493.000000000000 0.019251984714
494.000000000000 0.019284087800
495.000000000000 0.019315976530
496.000000000000 0.019347739590
497.000000000000 0.019379469003
498.000000000000 0.019412132394
499.000000000000 0.019445480687
500.000000000000 0.019480426175
501.000000000000 0.019515262090
502.000000000000 0.019549909540
503.000000000000 0.019584367496
504.000000000000 0.019618634930
505.000000000000 0.019652710815
506.000000000000 0.019686610696
507.000000000000 0.019720353369
508.000000000000 0.019754538584
509.000000000000 0.019789031308
510.000000000000 0.019824991718
511.000000000000 0.019860875231
512.000000000000 0.019896583203
513.000000000000 0.019932114675
514.000000000000 0.019967468686
515.000000000000 0.020002644277
516.000000000000 0.020037610650
517.000000000000 0.020072367159
518.000000000000 0.020107027889
519.000000000000 0.020141639792
520.000000000000 0.020177087063
521.000000000000 0.020212754997
522.000000000000 0.020248249915
523.000000000000 0.020283570894
524.000000000000 0.020318717007
525.000000000000 0.020353687330
526.000000000000 0.020388471571
527.000000000000 0.020422965583
528.000000000000 0.020457154155
529.000000000000 0.020490938757
530.000000000000 0.020524707268
531.000000000000 0.020558796438
532.000000000000 0.020592727606
533.000000000000 0.020626477235
534.000000000000 0.020660044406
535.000000000000 0.020693428199
536.000000000000 0.020726627692
537.000000000000 0.020759584626
538.000000000000 0.020792279821
539.000000000000 0.020824403975
540.000000000000 0.020856112968
541.000000000000 0.020887639260
542.000000000000 0.020919099305
543.000000000000 0.020950364117
544.000000000000 0.020981432765
545.000000000000 0.021012304315
546.000000000000 0.021042977834
547.000000000000 0.021073452390
548.000000000000 0.021103675975
549.000000000000 0.021133660486
550.000000000000 0.021163000223
551.000000000000 0.021191923746
552.000000000000 0.021220376864
553.000000000000 0.021248537720
554.000000000000 0.021276485172
555.000000000000 0.021304218265
556.000000000000 0.021331736045
557.000000000000 0.021359037557
558.000000000000 0.021386121847
559.000000000000 0.021412993818
560.000000000000 0.021439651947
561.000000000000 0.021465749065
562.000000000000 0.021491380006
563.000000000000 0.021516421355
564.000000000000 0.021540961828
565.000000000000 0.021565269779
566.000000000000 0.021589344229
567.000000000000 0.021613184203
568.000000000000 0.021636788722
569.000000000000 0.021660156811
570.000000000000 0.021683306769
571.000000000000 0.021706289950
572.000000000000 0.021729070509
573.000000000000 0.021751673819
574.000000000000 0.021773844251
575.000000000000 0.021795287549
576.000000000000 0.021816461078
577.000000000000 0.021837386803
578.000000000000 0.021858063738
579.000000000000 0.021878490896
580.000000000000 0.021898667292
581.000000000000 0.021918591938
582.000000000000 0.021938442949
583.000000000000 0.021958115072
584.000000000000 0.021977925685
585.000000000000 0.021997604605
586.000000000000 0.022016899381
587.000000000000 0.022035713108
588.000000000000 0.022054271002
589.000000000000 0.022072572084
590.000000000000 0.022090615374
591.000000000000 0.022108399893
592.000000000000 0.022125924662
593.000000000000 0.022143188702
594.000000000000 0.022160523836
595.000000000000 0.022177624305
596.000000000000 0.022195577939
597.000000000000 0.022213366311
598.000000000000 0.022230995016
599.000000000000 0.022248338181
600.000000000000 0.022265424783
601.000000000000 0.022282253872
602.000000000000 0.022298824495
603.000000000000 0.022315135700
604.000000000000 0.022331186537
605.000000000000 0.022346976052
606.000000000000 0.022362902848
607.000000000000 0.022378590276
608.000000000000 0.022395761313
609.000000000000 0.022412925204
610.000000000000 0.022430242211
611.000000000000 0.022447477439
612.000000000000 0.022464464412
613.000000000000 0.022481202225
614.000000000000 0.022497689974
615.000000000000 0.022513926758
616.000000000000 0.022529911671
617.000000000000 0.022545643811
618.000000000000 0.022561441760
619.000000000000 0.022577111557
620.000000000000 0.022593885947
621.000000000000 0.022611160227
622.000000000000 0.022628891189
623.000000000000 0.022647108675
624.000000000000 0.022665106400
625.000000000000 0.022682869960
626.000000000000 0.022700398512
627.000000000000 0.022717691216
628.000000000000 0.022734747229
629.000000000000 0.022751565710
630.000000000000 0.022768261420
631.000000000000 0.022785067867
632.000000000000 0.022802021801
633.000000000000 0.022820552403
634.000000000000 0.022839339725
635.000000000000 0.022859143690
636.000000000000 0.022879255639
637.000000000000 0.022899154469
638.000000000000 0.022918839411
639.000000000000 0.022938309696
640.000000000000 0.022957564556
641.000000000000 0.022976603223
642.000000000000 0.022995424929
643.000000000000 0.023014228607
644.000000000000 0.023033007993
645.000000000000 0.023052487996
646.000000000000 0.023073076336
647.000000000000 0.023094102812
648.000000000000 0.023116561968
649.000000000000 0.023139211492
650.000000000000 0.023161670809
651.000000000000 0.023183939226
652.000000000000 0.023206016052
653.000000000000 0.023227900593
654.000000000000 0.023249592157
655.000000000000 0.023271090050
656.000000000000 0.023292556328
657.000000000000 0.023313974751
658.000000000000 0.023335895176
659.000000000000 0.023358809356
660.000000000000 0.023382190364
661.000000000000 0.023406915647
662.000000000000 0.023432032593
663.000000000000 0.023456980354
664.000000000000 0.023481758306
665.000000000000 0.023506365823
666.000000000000 0.023530802280
667.000000000000 0.023555067053
668.000000000000 0.023579159518
669.000000000000 0.023603127577
670.000000000000 0.023627049470
671.000000000000 0.023650925272
672.000000000000 0.023676028853
673.000000000000 0.023701276328
674.000000000000 0.023727498042
675.000000000000 0.023754856783
676.000000000000 0.023782090098
677.000000000000 0.023809172198
678.000000000000 0.023836102518
679.000000000000 0.023862880492
680.000000000000 0.023889505555
681.000000000000 0.023915977139
682.000000000000 0.023942294681
683.000000000000 0.023968477466
684.000000000000 0.023994511565
685.000000000000 0.024020805543
686.000000000000 0.024047329195
687.000000000000 0.024074165986
688.000000000000 0.024102230798
689.000000000000 0.024130639859
690.000000000000 0.024158908779
691.000000000000 0.024187037031
692.000000000000 0.024215024090
693.000000000000 0.024242869430
694.000000000000 0.024270572526
695.000000000000 0.024298132851
696.000000000000 0.024325549880
697.000000000000 0.024352787964
698.000000000000 0.024379880385
699.000000000000 0.024406958213
700.000000000000 0.024433957121
701.000000000000 0.024461115464
702.000000000000 0.024489313704
703.000000000000 0.024517613314
704.000000000000 0.024545776208
705.000000000000 0.024573801882
706.000000000000 0.024601689834
707.000000000000 0.024629439561
708.000000000000 0.024657050559
709.000000000000 0.024684522327
710.000000000000 0.024711854362
711.000000000000 0.024739012906
712.000000000000 0.024766026214
713.000000000000 0.024792802170
714.000000000000 0.024819363178
715.000000000000 0.024845825328
716.000000000000 0.024872722623
717.000000000000 0.024899805779
718.000000000000 0.024926749329
719.000000000000 0.024953552777
720.000000000000 0.024980215631
721.000000000000 0.025006737395
722.000000000000 0.025033117577
723.000000000000 0.025059355681
724.000000000000 0.025085451214
725.000000000000 0.025111402851
726.000000000000 0.025137210195
727.000000000000 0.025162841134
728.000000000000 0.025188150435
729.000000000000 0.025213292430
730.000000000000 0.025238299323
731.000000000000 0.025263337485
732.000000000000 0.025288258705
733.000000000000 0.025313032829
734.000000000000 0.025337659361
735.000000000000 0.025362137808
736.000000000000 0.025386467675
737.000000000000 0.025410648468
738.000000000000 0.025434679693
739.000000000000 0.025458560856
740.000000000000 0.025482362921
741.000000000000 0.025506023659
742.000000000000 0.025529542133
743.000000000000 0.025552919279
744.000000000000 0.025576093721
745.000000000000 0.025599039488
746.000000000000 0.025621813307
747.000000000000 0.025644433309
748.000000000000 0.025666898568
749.000000000000 0.025689208588
750.000000000000 0.025711362874
751.000000000000 0.025733360933
752.000000000000 0.025755202270
753.000000000000 0.025776886389
754.000000000000 0.025798412796
755.000000000000 0.025819941739
756.000000000000 0.025841322970
757.000000000000 0.025862730365
758.000000000000 0.025884187419
759.000000000000 0.025905493119
760.000000000000 0.025926560411
761.000000000000 0.025947366571
762.000000000000 0.025968011871
763.000000000000 0.025988497069
764.000000000000 0.026008821675
765.000000000000 0.026028985199
766.000000000000 0.026048987149
767.000000000000 0.026068827035
768.000000000000 0.026088504366
769.000000000000 0.026108018652
770.000000000000 0.026127557998
771.000000000000 0.026147014844
772.000000000000 0.026166455687
773.000000000000 0.026186426321
774.000000000000 0.026206282705
775.000000000000 0.026226072541
776.000000000000 0.026245709411
777.000000000000 0.026265173645
778.000000000000 0.026284476908
779.000000000000 0.026303618724
780.000000000000 0.026322598613
781.000000000000 0.026341416097
782.000000000000 0.026360070698
783.000000000000 0.026378561938
784.000000000000 0.026396889338
785.000000000000 0.026415109304
786.000000000000 0.026433451131
787.000000000000 0.026451629431
788.000000000000 0.026470392017
789.000000000000 0.026489543397
790.000000000000 0.026508744420
791.000000000000 0.026528030630
792.000000000000 0.026547331216
793.000000000000 0.026566475740
794.000000000000 0.026585463217
795.000000000000 0.026604293191
796.000000000000 0.026622965206
797.000000000000 0.026641478805
798.000000000000 0.026659833531
799.000000000000 0.026678028929
